open_u2_mean  :  63.07841
open_u3_mean  :  54.140827
open_u4_mean  :  46.915729
open_u5_mean  :  34.464135
open_u6_mean  :  129.373817
open_u7_mean  :  141.378119
open_u8_mean  :  49.02545
open_u9_mean  :  67.575252
open_u10_mean  :  41.823217
open_u11_mean  :  40.048667
open_u12_mean  :  40.049573
open_u13_mean  :  40.009927
open_u14_mean  :  40.060129
open_u15_mean  :  40.046023
open_u16_mean  :  40.000465
open_u17_mean  :  41.877981
open_u18_mean  :  49.493323
open_u19_mean  :  41.109158
open_u20_mean  :  40.881015
open_u21_mean  :  40.986025
open_u22_mean  :  46.13739
open_u23_mean  :  79.863692
open_u24_mean  :  90.059625
open_u25_mean  :  192.448304
open_u26_mean  :  69.021231
open_u27_mean  :  92.083308
open_u28_mean  :  87.194227
open_u29_mean  :  56.612719
open_u30_mean  :  74.665142
open_u31_mean  :  70.899629
open_u32_mean  :  73.599169
open_u33_mean  :  74.583163
open_u34_mean  :  65.525612
open_u35_mean  :  57.318242
open_u36_mean  :  57.692273
open_u37_mean  :  52.623496
open_u38_mean  :  51.387169
open_u39_mean  :  72.148146
